-2.793207 
-2.396603 -2.264402 
-2.285218 -2.248089 -2.247002 
-2.256326 -2.246695 -2.246602 -2.246596 
-2.249030 -2.246598 -2.246592 -2.246592 -2.246592 
-2.247202 -2.246592 -2.246592 -2.246592 -2.246592 -2.246592 
-2.246744 -2.246592 -2.246592 -2.246592 -2.246592 -2.246592 -2.246592 
-2.246630 -2.246592 -2.246592 -2.246592 -2.246592 -2.246592 -2.246592 -2.246592 
-2.246601 -2.246592 -2.246592 -2.246592 -2.246592 -2.246592 -2.246592 -2.246592 -2.246592 
-2.246594 -2.246592 -2.246592 -2.246592 -2.246592 -2.246592 -2.246592 -2.246592 -2.246592 -2.246592 
-2.246592 -2.246592 -2.246592 -2.246592 -2.246592 -2.246592 -2.246592 -2.246592 -2.246592 -2.246592 -2.246592 
-2.246592 -2.246592 -2.246592 -2.246592 -2.246592 -2.246592 -2.246592 -2.246592 -2.246592 -2.246592 -2.246592 -2.246592 
-2.246592 -2.246592 -2.246592 -2.246592 -2.246592 -2.246592 -2.246592 -2.246592 -2.246592 -2.246592 -2.246592 -2.246592 -2.246592 
-2.246592 -2.246592 -2.246592 -2.246592 -2.246592 -2.246592 -2.246592 -2.246592 -2.246592 -2.246592 -2.246592 -2.246592 -2.246592 -2.246592 
-2.246592 -2.246592 -2.246592 -2.246592 -2.246592 -2.246592 -2.246592 -2.246592 -2.246592 -2.246592 -2.246592 -2.246592 -2.246592 -2.246592 -2.246592 
