0.062278 
0.062536 
0.062794 
0.063053 
0.063313 
0.063575 
0.063839 
0.064105 
0.064374 
0.064645 
0.064920 
0.065199 
0.065482 
0.065768 
0.066060 
0.066356 
0.066658 
0.066965 
0.067278 
0.067597 
0.067923 
0.068256 
0.068596 
0.068943 
0.069299 
0.069662 
0.070034 
0.070415 
0.070805 
0.071205 
0.071614 
0.072034 
0.072464 
0.072905 
0.073357 
0.073821 
0.074296 
0.074784 
0.075283 
0.075796 
0.076322 
0.076861 
0.077414 
0.077982 
0.078563 
0.079160 
0.079771 
0.080398 
0.081040 
0.081699 
0.082374 
0.083066 
0.083775 
0.084501 
0.085245 
0.115156 
0.115936 
0.116733 
0.117547 
0.118376 
0.119221 
0.120081 
0.120955 
0.121842 
0.122743 
0.123655 
0.124580 
0.125515 
0.126461 
0.127417 
0.128382 
0.129356 
0.130338 
0.131327 
0.132323 
0.133325 
0.134333 
0.135346 
0.136363 
0.137383 
0.138407 
0.139434 
0.140462 
0.141491 
0.142522 
0.143552 
0.144582 
0.145610 
0.146637 
0.147661 
0.148683 
0.149700 
0.150714 
0.151723 
0.152726 
0.153723 
0.154713 
0.155696 
0.156671 
0.157638 
0.158595 
0.159543 
0.160480 
0.161407 
0.162322 
0.163224 
0.164114 
0.164990 
0.165852 
0.166700 
0.264798 
0.265615 
0.266422 
0.267222 
0.268021 
0.268822 
0.269631 
0.270452 
0.271289 
0.272146 
0.273030 
0.273943 
0.274890 
0.275877 
0.276907 
0.277985 
0.279115 
0.280303 
0.281552 
0.282867 
0.284253 
0.285714 
0.287254 
0.288879 
0.290593 
0.292399 
0.294304 
0.296311 
0.298424 
0.300649 
0.302990 
0.305451 
0.308037 
0.310753 
0.313602 
0.316590 
0.319721 
0.322999 
0.326430 
0.330017 
0.333765 
0.337679 
0.341763 
0.346021 
0.350459 
0.355080 
0.359890 
0.364892 
0.370092 
0.375494 
0.381101 
0.386920 
0.392954 
0.399208 
0.405686 
0.412393 
0.768804 
0.775973 
0.783363 
0.790965 
0.798770 
0.806770 
0.814956 
0.823320 
0.831853 
0.840547 
0.849392 
0.858381 
0.867504 
0.876753 
0.886119 
0.895595 
0.905170 
0.914837 
0.924587 
0.934412 
0.944302 
0.954250 
0.964246 
0.974282 
0.984349 
0.994440 
1.004544 
1.014654 
1.024761 
1.034857 
1.044932 
1.054978 
1.064987 
1.074950 
1.084859 
1.094704 
1.104477 
1.114170 
1.123774 
1.133280 
1.142680 
1.151965 
1.161126 
1.170156 
1.179045 
1.187785 
1.196367 
1.204782 
1.213022 
1.221079 
1.228943 
1.236607 
1.244061 
1.251297 
1.258306 
0.765636 
0.772168 
0.778459 
0.784508 
0.790315 
0.795880 
0.801203 
0.806284 
0.811124 
0.815721 
0.820076 
0.824189 
0.828061 
0.831690 
0.835077 
0.838223 
0.841126 
0.843788 
0.846207 
0.848385 
0.850321 
0.852014 
0.853466 
0.854676 
0.855644 
0.856370 
0.856853 
0.857095 
0.857095 
0.856853 
0.856370 
0.855644 
0.854676 
0.853466 
0.852014 
0.850321 
0.848385 
0.846207 
0.843788 
0.841126 
0.838223 
0.835077 
0.831690 
0.828061 
0.824189 
0.820076 
0.815721 
0.811124 
0.806284 
0.801203 
0.795880 
0.790315 
0.784508 
0.778459 
0.772168 
0.765636 
0.259416 
0.252407 
0.245171 
0.237717 
0.230053 
0.222189 
0.214132 
0.205892 
0.197476 
0.188895 
0.180155 
0.171266 
0.162236 
0.153075 
0.143790 
0.134390 
0.124884 
0.115280 
0.105587 
0.095814 
0.085969 
0.076060 
0.066097 
0.056088 
0.046042 
0.035967 
0.025871 
0.015764 
0.005654 
-0.004450 
-0.014541 
-0.024608 
-0.034644 
-0.044640 
-0.054588 
-0.064478 
-0.074303 
-0.084053 
-0.093720 
-0.103296 
-0.112771 
-0.122137 
-0.131387 
-0.140510 
-0.149498 
-0.158343 
-0.167037 
-0.175570 
-0.183934 
-0.192120 
-0.200120 
-0.207926 
-0.215527 
-0.222917 
-0.230087 
0.112443 
0.105736 
0.099258 
0.093004 
0.086970 
0.081151 
0.075544 
0.070142 
0.064942 
0.059940 
0.055130 
0.050509 
0.046071 
0.041813 
0.037729 
0.033815 
0.030067 
0.026480 
0.023049 
0.019771 
0.016640 
0.013652 
0.010803 
0.008087 
0.005501 
0.003040 
0.000699 
-0.001526 
-0.003639 
-0.005646 
-0.007551 
-0.009357 
-0.011071 
-0.012696 
-0.014236 
-0.015697 
-0.017083 
-0.018398 
-0.019647 
-0.020835 
-0.021965 
-0.023043 
-0.024073 
-0.025060 
-0.026007 
-0.026920 
-0.027804 
-0.028661 
-0.029498 
-0.030319 
-0.031128 
-0.031929 
-0.032728 
-0.033528 
-0.034335 
-0.035152 
0.061281 
0.060433 
0.059571 
0.058695 
0.057805 
0.056903 
0.055988 
0.055062 
0.054124 
0.053177 
0.052219 
0.051252 
0.050277 
0.049294 
0.048304 
0.047307 
0.046304 
0.045295 
0.044282 
0.043264 
0.042243 
0.041218 
0.040191 
0.039163 
0.038133 
0.037103 
0.036073 
0.035043 
0.034015 
0.032988 
0.031964 
0.030944 
0.029927 
0.028914 
0.027906 
0.026904 
0.025908 
0.024919 
0.023937 
0.022963 
0.021998 
0.021042 
0.020096 
0.019161 
0.018237 
0.017324 
0.016423 
0.015536 
0.014662 
0.013802 
0.012957 
0.012128 
0.011314 
0.010517 
0.009738 
0.038125 
0.037381 
0.036655 
0.035946 
0.035254 
0.034579 
0.033921 
0.033278 
0.032651 
0.032040 
0.031443 
0.030862 
0.030295 
0.029742 
0.029202 
0.028676 
0.028164 
0.027664 
0.027176 
0.026701 
0.026237 
0.025785 
0.025344 
0.024914 
0.024495 
0.024085 
0.023685 
0.023295 
0.022914 
0.022542 
0.022179 
0.021823 
0.021476 
0.021136 
0.020803 
0.020477 
0.020158 
0.019845 
0.019538 
0.019236 
0.018940 
0.018649 
0.018362 
0.018079 
0.017801 
0.017526 
0.017254 
0.016985 
0.016719 
0.016455 
0.016193 
0.015933 
0.015674 
0.015416 
0.015159 
0.014902 
