-4.979960 -0.806831 -0.860196 
-4.959920 -0.774604 -0.879939 
-4.939880 -0.742404 -0.898269 
-4.919840 -0.710244 -0.915156 
-4.899800 -0.678137 -0.930573 
-4.879760 -0.646098 -0.944495 
-4.859719 -0.614138 -0.956901 
-4.839679 -0.582272 -0.967769 
-4.819639 -0.550512 -0.977083 
-4.799599 -0.518873 -0.984827 
-4.779559 -0.487368 -0.990990 
-4.759519 -0.456010 -0.995561 
-4.739479 -0.424811 -0.998533 
-4.719439 -0.393787 -0.999901 
-4.699399 -0.362950 -0.999663 
-4.679359 -0.332313 -0.997819 
-4.659319 -0.301889 -0.994372 
-4.639279 -0.271693 -0.989329 
-4.619238 -0.241738 -0.982696 
-4.599198 -0.212036 -0.974485 
-4.579158 -0.182602 -0.964709 
-4.559118 -0.153448 -0.953383 
-4.539078 -0.124588 -0.940526 
-4.519038 -0.096035 -0.926158 
-4.498998 -0.067803 -0.910303 
-4.478958 -0.039905 -0.892985 
-4.458918 -0.012355 -0.874233 
-4.438878 0.014835 -0.854077 
-4.418838 0.041651 -0.832549 
-4.398798 0.068079 -0.809684 
-4.378758 0.094106 -0.785518 
-4.358717 0.119719 -0.760091 
-4.338677 0.144905 -0.733443 
-4.318637 0.169650 -0.705617 
-4.298597 0.193940 -0.676657 
-4.278557 0.217763 -0.646610 
-4.258517 0.241105 -0.615525 
-4.238477 0.263952 -0.583452 
-4.218437 0.286292 -0.550441 
-4.198397 0.308111 -0.516546 
-4.178357 0.329395 -0.481821 
-4.158317 0.350131 -0.446323 
-4.138277 0.370306 -0.410107 
-4.118236 0.389907 -0.373233 
-4.098196 0.408920 -0.335759 
-4.078156 0.427332 -0.297746 
-4.058116 0.445129 -0.259255 
-4.038076 0.462298 -0.220347 
-4.018036 0.478825 -0.181086 
-3.997996 0.494698 -0.141534 
-3.977956 0.509903 -0.101754 
-3.957916 0.524427 -0.061811 
-3.937876 0.538255 -0.021768 
-3.917836 0.551376 0.018309 
-3.897796 0.563775 0.058357 
-3.877756 0.575439 0.098312 
-3.857715 0.586355 0.138108 
-3.837675 0.596510 0.177682 
-3.817635 0.605889 0.216972 
-3.797595 0.614481 0.255912 
-3.777555 0.622270 0.294442 
-3.757515 0.629245 0.332499 
-3.737475 0.635391 0.370021 
-3.717435 0.640695 0.406949 
-3.697395 0.645144 0.443224 
-3.677355 0.648725 0.478787 
-3.657315 0.651424 0.513580 
-3.637275 0.653228 0.547549 
-3.617234 0.654123 0.580638 
-3.597194 0.654097 0.612795 
-3.577154 0.653135 0.643968 
-3.557114 0.651226 0.674106 
-3.537074 0.648383 0.703161 
-3.517034 0.644629 0.731087 
-3.496994 0.639990 0.757838 
-3.476954 0.634488 0.783373 
-3.456914 0.628149 0.807649 
-3.436874 0.620998 0.830628 
-3.416834 0.613058 0.852272 
-3.396794 0.604353 0.872548 
-3.376754 0.594910 0.891423 
-3.356713 0.584751 0.908865 
-3.336673 0.573902 0.924848 
-3.316633 0.562386 0.939345 
-3.296593 0.550229 0.952333 
-3.276553 0.537454 0.963792 
-3.256513 0.524086 0.973703 
-3.236473 0.510150 0.982049 
-3.216433 0.495669 0.988819 
-3.196393 0.480669 0.994000 
-3.176353 0.465174 0.997584 
-3.156313 0.449208 0.999567 
-3.136273 0.432795 0.999943 
-3.116232 0.415961 0.998714 
-3.096192 0.398729 0.995880 
-3.076152 0.381124 0.991447 
-3.056112 0.363170 0.985422 
-3.036072 0.344893 0.977813 
-3.016032 0.326315 0.968634 
-2.995992 0.307462 0.957900 
-2.975952 0.288358 0.945626 
-2.955912 0.269028 0.931834 
-2.935872 0.249496 0.916545 
-2.915832 0.229786 0.899784 
-2.895792 0.209922 0.881578 
-2.875752 0.189931 0.861955 
-2.855711 0.169834 0.840949 
-2.835671 0.149658 0.818591 
-2.815631 0.129427 0.794919 
-2.795591 0.109164 0.769970 
-2.775551 0.088895 0.743784 
-2.755511 0.068644 0.716403 
-2.735471 0.048435 0.687872 
-2.715431 0.028292 0.658236 
-2.695391 0.008241 0.627542 
-2.675351 -0.011695 0.595841 
-2.655311 -0.031490 0.563183 
-2.635271 -0.051122 0.529620 
-2.615230 -0.070564 0.495206 
-2.595190 -0.089793 0.459997 
-2.575150 -0.108784 0.424049 
-2.555110 -0.127513 0.387420 
-2.535070 -0.145956 0.350169 
-2.515030 -0.164088 0.312355 
-2.494990 -0.181884 0.274040 
-2.474950 -0.199320 0.235284 
-2.454910 -0.216372 0.196151 
-2.434870 -0.233015 0.156702 
-2.414830 -0.249225 0.117002 
-2.394790 -0.264977 0.077114 
-2.374749 -0.280247 0.037102 
-2.354709 -0.295011 -0.002970 
-2.334669 -0.309244 -0.043037 
-2.314629 -0.322922 -0.083035 
-2.294589 -0.336019 -0.122899 
-2.274549 -0.348513 -0.162566 
-2.254509 -0.360378 -0.201972 
-2.234469 -0.371590 -0.241053 
-2.214429 -0.382124 -0.279748 
-2.194389 -0.391957 -0.317993 
-2.174349 -0.401063 -0.355727 
-2.154309 -0.409418 -0.392890 
-2.134269 -0.416999 -0.429421 
-2.114228 -0.423798 -0.465263 
-2.094188 -0.429829 -0.500358 
-2.074148 -0.435108 -0.534649 
-2.054108 -0.439650 -0.568081 
-2.034068 -0.443469 -0.600601 
-2.014028 -0.446582 -0.632156 
-1.993988 -0.449002 -0.662696 
-1.973948 -0.450746 -0.692171 
-1.953908 -0.451828 -0.720535 
-1.933868 -0.452263 -0.747741 
-1.913828 -0.452067 -0.773746 
-1.893788 -0.451255 -0.798509 
-1.873747 -0.449841 -0.821989 
-1.853707 -0.447841 -0.844148 
-1.833667 -0.445271 -0.864952 
-1.813627 -0.442144 -0.884366 
-1.793587 -0.438477 -0.902360 
-1.773547 -0.434284 -0.918905 
-1.753507 -0.429581 -0.933973 
-1.733467 -0.424382 -0.947542 
-1.713427 -0.418704 -0.959588 
-1.693387 -0.412560 -0.970093 
-1.673347 -0.405966 -0.979040 
-1.653307 -0.398938 -0.986415 
-1.633267 -0.391489 -0.992205 
-1.613226 -0.383636 -0.996402 
-1.593186 -0.375394 -0.998998 
-1.573146 -0.366778 -0.999989 
-1.553106 -0.357802 -0.999374 
-1.533066 -0.348482 -0.997154 
-1.513026 -0.338833 -0.993333 
-1.492986 -0.328870 -0.987916 
-1.472946 -0.318609 -0.980912 
-1.452906 -0.308064 -0.972332 
-1.432866 -0.297251 -0.962191 
-1.412826 -0.286184 -0.950504 
-1.392786 -0.274879 -0.937291 
-1.372745 -0.263351 -0.922572 
-1.352705 -0.251615 -0.906371 
-1.332665 -0.239687 -0.888715 
-1.312625 -0.227580 -0.869631 
-1.292585 -0.215311 -0.849150 
-1.272545 -0.202895 -0.827305 
-1.252505 -0.190346 -0.804132 
-1.232465 -0.177681 -0.779667 
-1.212425 -0.164913 -0.753949 
-1.192385 -0.152058 -0.727021 
-1.172345 -0.139131 -0.698925 
-1.152305 -0.126148 -0.669706 
-1.132265 -0.113123 -0.639412 
-1.112224 -0.100071 -0.608090 
-1.092184 -0.087009 -0.575792 
-1.072144 -0.073950 -0.542569 
-1.052104 -0.060910 -0.508474 
-1.032064 -0.047904 -0.473563 
-1.012024 -0.034947 -0.437891 
-0.991984 -0.022055 -0.401516 
-0.971944 -0.009242 -0.364496 
-0.951904 0.003476 -0.326890 
-0.931864 0.016085 -0.288760 
-0.911824 0.028569 -0.250165 
-0.891784 0.040913 -0.211169 
-0.871743 0.053102 -0.171834 
-0.851703 0.065120 -0.132222 
-0.831663 0.076954 -0.092398 
-0.811623 0.088586 -0.052426 
-0.791583 0.100004 -0.012370 
-0.771543 0.111190 0.027707 
-0.751503 0.122131 0.067738 
-0.731463 0.132811 0.107661 
-0.711423 0.143215 0.147411 
-0.691383 0.153331 0.186925 
-0.671343 0.163158 0.226138 
-0.651303 0.172697 0.264988 
-0.631263 0.181946 0.303412 
-0.611222 0.190906 0.341349 
-0.591182 0.199577 0.378737 
-0.571142 0.207959 0.415518 
-0.551102 0.216052 0.451630 
-0.531062 0.223856 0.487018 
-0.511022 0.231371 0.521623 
-0.490982 0.238597 0.555390 
-0.470942 0.245534 0.588266 
-0.450902 0.252182 0.620196 
-0.430862 0.258541 0.651130 
-0.410822 0.264610 0.681019 
-0.390782 0.270391 0.709813 
-0.370741 0.275883 0.737468 
-0.350701 0.281086 0.763938 
-0.330661 0.285999 0.789181 
-0.310621 0.290624 0.813156 
-0.290581 0.294959 0.835825 
-0.270541 0.299006 0.857152 
-0.250501 0.302763 0.877102 
-0.230461 0.306232 0.895643 
-0.210421 0.309411 0.912745 
-0.190381 0.312302 0.928382 
-0.170341 0.314903 0.942527 
-0.150301 0.317215 0.955159 
-0.130261 0.319239 0.966256 
-0.110220 0.320973 0.975801 
-0.090180 0.322418 0.983779 
-0.070140 0.323574 0.990177 
-0.050100 0.324441 0.994984 
-0.030060 0.325019 0.998193 
-0.010020 0.325308 0.999799 
0.010020 0.325308 0.999799 
0.030060 0.325019 0.998193 
0.050100 0.324441 0.994984 
0.070140 0.323574 0.990177 
0.090180 0.322418 0.983779 
0.110220 0.320973 0.975801 
0.130261 0.319239 0.966256 
0.150301 0.317215 0.955159 
0.170341 0.314903 0.942527 
0.190381 0.312302 0.928382 
0.210421 0.309411 0.912745 
0.230461 0.306232 0.895643 
0.250501 0.302763 0.877102 
0.270541 0.299006 0.857152 
0.290581 0.294959 0.835825 
0.310621 0.290624 0.813156 
0.330661 0.285999 0.789181 
0.350701 0.281086 0.763938 
0.370741 0.275883 0.737468 
0.390782 0.270391 0.709813 
0.410822 0.264610 0.681019 
0.430862 0.258541 0.651130 
0.450902 0.252182 0.620196 
0.470942 0.245534 0.588266 
0.490982 0.238597 0.555390 
0.511022 0.231371 0.521623 
0.531062 0.223856 0.487018 
0.551102 0.216052 0.451630 
0.571142 0.207959 0.415518 
0.591182 0.199577 0.378737 
0.611222 0.190906 0.341349 
0.631263 0.181946 0.303412 
0.651303 0.172697 0.264988 
0.671343 0.163158 0.226138 
0.691383 0.153331 0.186925 
0.711423 0.143215 0.147411 
0.731463 0.132811 0.107661 
0.751503 0.122131 0.067738 
0.771543 0.111190 0.027707 
0.791583 0.100004 -0.012370 
0.811623 0.088586 -0.052426 
0.831663 0.076954 -0.092398 
0.851703 0.065120 -0.132222 
0.871743 0.053102 -0.171834 
0.891784 0.040913 -0.211169 
0.911824 0.028569 -0.250165 
0.931864 0.016085 -0.288760 
0.951904 0.003476 -0.326890 
0.971944 -0.009242 -0.364496 
0.991984 -0.022055 -0.401516 
1.012024 -0.034947 -0.437891 
1.032064 -0.047904 -0.473563 
1.052104 -0.060910 -0.508474 
1.072144 -0.073950 -0.542569 
1.092184 -0.087009 -0.575792 
1.112224 -0.100071 -0.608090 
1.132265 -0.113123 -0.639412 
1.152305 -0.126148 -0.669706 
1.172345 -0.139131 -0.698925 
1.192385 -0.152058 -0.727021 
1.212425 -0.164913 -0.753949 
1.232465 -0.177681 -0.779667 
1.252505 -0.190346 -0.804132 
1.272545 -0.202895 -0.827305 
1.292585 -0.215311 -0.849150 
1.312625 -0.227580 -0.869631 
1.332665 -0.239687 -0.888715 
1.352705 -0.251615 -0.906371 
1.372745 -0.263351 -0.922572 
1.392786 -0.274879 -0.937291 
1.412826 -0.286184 -0.950504 
1.432866 -0.297251 -0.962191 
1.452906 -0.308064 -0.972332 
1.472946 -0.318609 -0.980912 
1.492986 -0.328870 -0.987916 
1.513026 -0.338833 -0.993333 
1.533066 -0.348482 -0.997154 
1.553106 -0.357802 -0.999374 
1.573146 -0.366778 -0.999989 
1.593186 -0.375394 -0.998998 
1.613226 -0.383636 -0.996402 
1.633267 -0.391489 -0.992205 
1.653307 -0.398938 -0.986415 
1.673347 -0.405966 -0.979040 
1.693387 -0.412560 -0.970093 
1.713427 -0.418704 -0.959588 
1.733467 -0.424382 -0.947542 
1.753507 -0.429581 -0.933973 
1.773547 -0.434284 -0.918905 
1.793587 -0.438477 -0.902360 
1.813627 -0.442144 -0.884366 
1.833667 -0.445271 -0.864952 
1.853707 -0.447841 -0.844148 
1.873747 -0.449841 -0.821989 
1.893788 -0.451255 -0.798509 
1.913828 -0.452067 -0.773746 
1.933868 -0.452263 -0.747741 
1.953908 -0.451828 -0.720535 
1.973948 -0.450746 -0.692171 
1.993988 -0.449002 -0.662696 
2.014028 -0.446582 -0.632156 
2.034068 -0.443469 -0.600601 
2.054108 -0.439650 -0.568081 
2.074148 -0.435108 -0.534649 
2.094188 -0.429829 -0.500358 
2.114228 -0.423798 -0.465263 
2.134269 -0.416999 -0.429421 
2.154309 -0.409418 -0.392890 
2.174349 -0.401063 -0.355727 
2.194389 -0.391957 -0.317993 
2.214429 -0.382124 -0.279748 
2.234469 -0.371590 -0.241053 
2.254509 -0.360378 -0.201972 
2.274549 -0.348513 -0.162566 
2.294589 -0.336019 -0.122899 
2.314629 -0.322922 -0.083035 
2.334669 -0.309244 -0.043037 
2.354709 -0.295011 -0.002970 
2.374749 -0.280247 0.037102 
2.394790 -0.264977 0.077114 
2.414830 -0.249225 0.117002 
2.434870 -0.233015 0.156702 
2.454910 -0.216372 0.196151 
2.474950 -0.199320 0.235284 
2.494990 -0.181884 0.274040 
2.515030 -0.164088 0.312355 
2.535070 -0.145956 0.350169 
2.555110 -0.127513 0.387420 
2.575150 -0.108784 0.424049 
2.595190 -0.089793 0.459997 
2.615230 -0.070564 0.495206 
2.635271 -0.051122 0.529620 
2.655311 -0.031490 0.563183 
2.675351 -0.011695 0.595841 
2.695391 0.008241 0.627542 
2.715431 0.028292 0.658236 
2.735471 0.048435 0.687872 
2.755511 0.068644 0.716403 
2.775551 0.088895 0.743784 
2.795591 0.109164 0.769970 
2.815631 0.129427 0.794919 
2.835671 0.149658 0.818591 
2.855711 0.169834 0.840949 
2.875752 0.189931 0.861955 
2.895792 0.209922 0.881578 
2.915832 0.229786 0.899784 
2.935872 0.249496 0.916545 
2.955912 0.269028 0.931834 
2.975952 0.288358 0.945626 
2.995992 0.307462 0.957900 
3.016032 0.326315 0.968634 
3.036072 0.344893 0.977813 
3.056112 0.363170 0.985422 
3.076152 0.381124 0.991447 
3.096192 0.398729 0.995880 
3.116232 0.415961 0.998714 
3.136273 0.432795 0.999943 
3.156313 0.449208 0.999567 
3.176353 0.465174 0.997584 
3.196393 0.480669 0.994000 
3.216433 0.495669 0.988819 
3.236473 0.510150 0.982049 
3.256513 0.524086 0.973703 
3.276553 0.537454 0.963792 
3.296593 0.550229 0.952333 
3.316633 0.562386 0.939345 
3.336673 0.573902 0.924848 
3.356713 0.584751 0.908865 
3.376754 0.594910 0.891423 
3.396794 0.604353 0.872548 
3.416834 0.613058 0.852272 
3.436874 0.620998 0.830628 
3.456914 0.628149 0.807649 
3.476954 0.634488 0.783373 
3.496994 0.639990 0.757838 
3.517034 0.644629 0.731087 
3.537074 0.648383 0.703161 
3.557114 0.651226 0.674106 
3.577154 -nan 0.643968 
3.597194 -nan 0.612795 
3.617234 -nan 0.580638 
3.637275 -nan 0.547549 
3.657315 -nan 0.513580 
3.677355 -nan 0.478787 
3.697395 -nan 0.443224 
3.717435 -nan 0.406949 
3.737475 -nan 0.370021 
3.757515 -nan 0.332499 
3.777555 -nan 0.294442 
3.797595 -nan 0.255912 
3.817635 -nan 0.216972 
3.837675 -nan 0.177682 
3.857715 -nan 0.138108 
3.877756 -nan 0.098312 
3.897796 -nan 0.058357 
3.917836 -nan 0.018309 
3.937876 -nan -0.021768 
3.957916 -nan -0.061811 
3.977956 -nan -0.101754 
3.997996 -nan -0.141534 
4.018036 -nan -0.181086 
4.038076 -nan -0.220347 
4.058116 -nan -0.259255 
4.078156 -nan -0.297746 
4.098196 -nan -0.335759 
4.118236 -nan -0.373233 
4.138277 -nan -0.410107 
4.158317 -nan -0.446323 
4.178357 -nan -0.481821 
4.198397 -nan -0.516546 
4.218437 -nan -0.550441 
4.238477 -nan -0.583452 
4.258517 -nan -0.615525 
4.278557 -nan -0.646610 
4.298597 -nan -0.676657 
4.318637 -nan -0.705617 
4.338677 -nan -0.733443 
4.358717 -nan -0.760091 
4.378758 -nan -0.785518 
4.398798 -nan -0.809684 
4.418838 -nan -0.832549 
4.438878 -nan -0.854077 
4.458918 -nan -0.874233 
4.478958 -nan -0.892985 
4.498998 -nan -0.910303 
4.519038 -nan -0.926158 
4.539078 -nan -0.940526 
4.559118 -nan -0.953383 
4.579158 -nan -0.964709 
4.599198 -nan -0.974485 
4.619238 -nan -0.982696 
4.639279 -nan -0.989329 
4.659319 -nan -0.994372 
4.679359 -nan -0.997819 
4.699399 -nan -0.999663 
4.719439 -nan -0.999901 
4.739479 -nan -0.998533 
4.759519 -nan -0.995561 
4.779559 -nan -0.990990 
4.799599 -nan -0.984827 
4.819639 -nan -0.977083 
4.839679 -nan -0.967769 
4.859719 -nan -0.956901 
4.879760 -nan -0.944495 
4.899800 -nan -0.930573 
4.919840 -nan -0.915156 
4.939880 -nan -0.898269 
4.959920 -nan -0.879939 
4.979960 -nan -0.860196 
5.000000 -nan -0.839072 
