-4.979960 0.036525 0.038760 
-4.959920 0.034590 0.039061 
-4.939880 0.032657 0.039366 
-4.919840 0.030727 0.039675 
-4.899800 0.028801 0.039987 
-4.879760 0.026881 0.040303 
-4.859719 0.024967 0.040623 
-4.839679 0.023060 0.040946 
-4.819639 0.021162 0.041273 
-4.799599 0.019273 0.041604 
-4.779559 0.017395 0.041939 
-4.759519 0.015528 0.042278 
-4.739479 0.013674 0.042621 
-4.719439 0.011834 0.042968 
-4.699399 0.010008 0.043319 
-4.679359 0.008198 0.043675 
-4.659319 0.006405 0.044035 
-4.639279 0.004630 0.044399 
-4.619238 0.002874 0.044768 
-4.599198 0.001138 0.045141 
-4.579158 -0.000577 0.045519 
-4.559118 -0.002269 0.045902 
-4.539078 -0.003939 0.046289 
-4.519038 -0.005584 0.046682 
-4.498998 -0.007204 0.047079 
-4.478958 -0.008798 0.047481 
-4.458918 -0.010364 0.047888 
-4.438878 -0.011902 0.048301 
-4.418838 -0.013410 0.048718 
-4.398798 -0.014888 0.049141 
-4.378758 -0.016334 0.049570 
-4.358717 -0.017748 0.050004 
-4.338677 -0.019128 0.050444 
-4.318637 -0.020473 0.050889 
-4.298597 -0.021782 0.051340 
-4.278557 -0.023054 0.051797 
-4.258517 -0.024288 0.052260 
-4.238477 -0.025484 0.052730 
-4.218437 -0.026639 0.053205 
-4.198397 -0.027753 0.053687 
-4.178357 -0.028825 0.054175 
-4.158317 -0.029854 0.054670 
-4.138277 -0.030838 0.055171 
-4.118236 -0.031777 0.055680 
-4.098196 -0.032670 0.056195 
-4.078156 -0.033516 0.056717 
-4.058116 -0.034312 0.057247 
-4.038076 -0.035060 0.057783 
-4.018036 -0.035757 0.058327 
-3.997996 -0.036402 0.058879 
-3.977956 -0.036994 0.059438 
-3.957916 -0.037533 0.060006 
-3.937876 -0.038017 0.060581 
-3.917836 -0.038445 0.061164 
-3.897796 -0.038816 0.061756 
-3.877756 -0.039129 0.062356 
-3.857715 -0.039383 0.062964 
-3.837675 -0.039577 0.063582 
-3.817635 -0.039710 0.064208 
-3.797595 -0.039781 0.064844 
-3.777555 -0.039788 0.065488 
-3.757515 -0.039731 0.066142 
-3.737475 -0.039609 0.066806 
-3.717435 -0.039420 0.067479 
-3.697395 -0.039164 0.068163 
-3.677355 -0.038840 0.068857 
-3.657315 -0.038446 0.069561 
-3.637275 -0.037981 0.070275 
-3.617234 -0.037445 0.071001 
-3.597194 -0.036836 0.071737 
-3.577154 -0.036153 0.072485 
-3.557114 -0.035395 0.073244 
-3.537074 -0.034561 0.074014 
-3.517034 -0.033651 0.074797 
-3.496994 -0.032662 0.075592 
-3.476954 -0.031595 0.076399 
-3.456914 -0.030447 0.077219 
-3.436874 -0.029218 0.078051 
-3.416834 -0.027907 0.078897 
-3.396794 -0.026513 0.079756 
-3.376754 -0.025034 0.080629 
-3.356713 -0.023470 0.081516 
-3.336673 -0.021819 0.082417 
-3.316633 -0.020082 0.083333 
-3.296593 -0.018255 0.084264 
-3.276553 -0.016339 0.085209 
-3.256513 -0.014332 0.086171 
-3.236473 -0.012234 0.087148 
-3.216433 -0.010043 0.088141 
-3.196393 -0.007758 0.089151 
-3.176353 -0.005378 0.090178 
-3.156313 -0.002902 0.091222 
-3.136273 -0.000330 0.092283 
-3.116232 0.002341 0.093363 
-3.096192 0.005111 0.094461 
-3.076152 0.007981 0.095578 
-3.056112 0.010952 0.096713 
-3.036072 0.014025 0.097869 
-3.016032 0.017202 0.099045 
-2.995992 0.020483 0.100241 
-2.975952 0.023869 0.101458 
-2.955912 0.027362 0.102697 
-2.935872 0.030962 0.103957 
-2.915832 0.034671 0.105240 
-2.895792 0.038490 0.106546 
-2.875752 0.042419 0.107875 
-2.855711 0.046460 0.109229 
-2.835671 0.050613 0.110607 
-2.815631 0.054881 0.112010 
-2.795591 0.059263 0.113439 
-2.775551 0.063761 0.114894 
-2.755511 0.068377 0.116376 
-2.735471 0.073110 0.117886 
-2.715431 0.077962 0.119423 
-2.695391 0.082935 0.120990 
-2.675351 0.088029 0.122587 
-2.655311 0.093245 0.124213 
-2.635271 0.098584 0.125871 
-2.615230 0.104048 0.127560 
-2.595190 0.109637 0.129282 
-2.575150 0.115353 0.131038 
-2.555110 0.121196 0.132827 
-2.535070 0.127168 0.134651 
-2.515030 0.133269 0.136512 
-2.494990 0.139501 0.138409 
-2.474950 0.145864 0.140343 
-2.454910 0.152354 0.142317 
-2.434870 0.158970 0.144329 
-2.414830 0.165707 0.146383 
-2.394790 0.172564 0.148478 
-2.374749 0.179536 0.150615 
-2.354709 0.186622 0.152796 
-2.334669 0.193818 0.155022 
-2.314629 0.201122 0.157294 
-2.294589 0.208530 0.159613 
-2.274549 0.216040 0.161981 
-2.254509 0.223649 0.164398 
-2.234469 0.231353 0.166865 
-2.214429 0.239151 0.169385 
-2.194389 0.247038 0.171959 
-2.174349 0.255012 0.174587 
-2.154309 0.263071 0.177272 
-2.134269 0.271210 0.180015 
-2.114228 0.279429 0.182817 
-2.094188 0.287722 0.185679 
-2.074148 0.296088 0.188605 
-2.054108 0.304523 0.191594 
-2.034068 0.313026 0.194650 
-2.014028 0.321592 0.197773 
-1.993988 0.330218 0.200965 
-1.973948 0.338903 0.204229 
-1.953908 0.347643 0.207566 
-1.933868 0.356435 0.210977 
-1.913828 0.365276 0.214466 
-1.893788 0.374163 0.218034 
-1.873747 0.383094 0.221684 
-1.853707 0.392065 0.225417 
-1.833667 0.401073 0.229235 
-1.813627 0.410117 0.233141 
-1.793587 0.419192 0.237138 
-1.773547 0.428295 0.241227 
-1.753507 0.437425 0.245412 
-1.733467 0.446578 0.249694 
-1.713427 0.455750 0.254076 
-1.693387 0.464940 0.258561 
-1.673347 0.474144 0.263152 
-1.653307 0.483360 0.267851 
-1.633267 0.492584 0.272661 
-1.613226 0.501813 0.277585 
-1.593186 0.511045 0.282626 
-1.573146 0.520276 0.287787 
-1.553106 0.529504 0.293071 
-1.533066 0.538727 0.298481 
-1.513026 0.547940 0.304021 
-1.492986 0.557141 0.309693 
-1.472946 0.566327 0.315500 
-1.452906 0.575495 0.321447 
-1.432866 0.584643 0.327535 
-1.412826 0.593767 0.333770 
-1.392786 0.602864 0.340153 
-1.372745 0.611932 0.346689 
-1.352705 0.620968 0.353380 
-1.332665 0.629968 0.360231 
-1.312625 0.638930 0.367244 
-1.292585 0.647851 0.374423 
-1.272545 0.656728 0.381771 
-1.252505 0.665558 0.389292 
-1.232465 0.674339 0.396988 
-1.212425 0.683066 0.404863 
-1.192385 0.691738 0.412919 
-1.172345 0.700351 0.421160 
-1.152305 0.708903 0.429589 
-1.132265 0.717390 0.438208 
-1.112224 0.725810 0.447019 
-1.092184 0.734159 0.456024 
-1.072144 0.742436 0.465226 
-1.052104 0.750636 0.474626 
-1.032064 0.758757 0.484225 
-1.012024 0.766797 0.494024 
-0.991984 0.774752 0.504024 
-0.971944 0.782619 0.514225 
-0.951904 0.790395 0.524626 
-0.931864 0.798078 0.535226 
-0.911824 0.805664 0.546024 
-0.891784 0.813151 0.557017 
-0.871743 0.820536 0.568202 
-0.851703 0.827815 0.579576 
-0.831663 0.834986 0.591134 
-0.811623 0.842047 0.602870 
-0.791583 0.848993 0.614778 
-0.771543 0.855822 0.626850 
-0.751503 0.862532 0.639077 
-0.731463 0.869119 0.651450 
-0.711423 0.875581 0.663957 
-0.691383 0.881914 0.676585 
-0.671343 0.888115 0.689322 
-0.651303 0.894182 0.702151 
-0.631263 0.900112 0.715056 
-0.611222 0.905902 0.728018 
-0.591182 0.911549 0.741017 
-0.571142 0.917049 0.754032 
-0.551102 0.922401 0.767040 
-0.531062 0.927601 0.780015 
-0.511022 0.932646 0.792931 
-0.490982 0.937534 0.805761 
-0.470942 0.942261 0.818474 
-0.450902 0.946825 0.831039 
-0.430862 0.951222 0.843425 
-0.410822 0.955450 0.855597 
-0.390782 0.959506 0.867521 
-0.370741 0.963386 0.879160 
-0.350701 0.967089 0.890479 
-0.330661 0.970610 0.901439 
-0.310621 0.973948 0.912005 
-0.290581 0.977099 0.922137 
-0.270541 0.980061 0.931799 
-0.250501 0.982829 0.940954 
-0.230461 0.985402 0.949566 
-0.210421 0.987777 0.957600 
-0.190381 0.989951 0.965023 
-0.170341 0.991920 0.971802 
-0.150301 0.993682 0.977909 
-0.130261 0.995234 0.983315 
-0.110220 0.996573 0.987997 
-0.090180 0.997696 0.991933 
-0.070140 0.998600 0.995104 
-0.050100 0.999283 0.997496 
-0.030060 0.999741 0.999097 
-0.010020 0.999971 0.999900 
0.010020 0.999971 0.999900 
0.030060 0.999741 0.999097 
0.050100 0.999283 0.997496 
0.070140 0.998600 0.995104 
0.090180 0.997696 0.991933 
0.110220 0.996573 0.987997 
0.130261 0.995234 0.983315 
0.150301 0.993682 0.977909 
0.170341 0.991920 0.971802 
0.190381 0.989951 0.965023 
0.210421 0.987777 0.957600 
0.230461 0.985402 0.949566 
0.250501 0.982829 0.940954 
0.270541 0.980061 0.931799 
0.290581 0.977099 0.922137 
0.310621 0.973948 0.912005 
0.330661 0.970610 0.901439 
0.350701 0.967089 0.890479 
0.370741 0.963386 0.879160 
0.390782 0.959506 0.867521 
0.410822 0.955450 0.855597 
0.430862 0.951222 0.843425 
0.450902 0.946825 0.831039 
0.470942 0.942261 0.818474 
0.490982 0.937534 0.805761 
0.511022 0.932646 0.792931 
0.531062 0.927601 0.780015 
0.551102 0.922401 0.767040 
0.571142 0.917049 0.754032 
0.591182 0.911549 0.741017 
0.611222 0.905902 0.728018 
0.631263 0.900112 0.715056 
0.651303 0.894182 0.702151 
0.671343 0.888115 0.689322 
0.691383 0.881914 0.676585 
0.711423 0.875581 0.663957 
0.731463 0.869119 0.651450 
0.751503 0.862532 0.639077 
0.771543 0.855822 0.626850 
0.791583 0.848993 0.614778 
0.811623 0.842047 0.602870 
0.831663 0.834986 0.591134 
0.851703 0.827815 0.579576 
0.871743 0.820536 0.568202 
0.891784 0.813151 0.557017 
0.911824 0.805664 0.546024 
0.931864 0.798078 0.535226 
0.951904 0.790395 0.524626 
0.971944 0.782619 0.514225 
0.991984 0.774752 0.504024 
1.012024 0.766797 0.494024 
1.032064 0.758757 0.484225 
1.052104 0.750636 0.474626 
1.072144 0.742436 0.465226 
1.092184 0.734159 0.456024 
1.112224 0.725810 0.447019 
1.132265 0.717390 0.438208 
1.152305 0.708903 0.429589 
1.172345 0.700351 0.421160 
1.192385 0.691738 0.412919 
1.212425 0.683066 0.404863 
1.232465 0.674339 0.396988 
1.252505 0.665558 0.389292 
1.272545 0.656728 0.381771 
1.292585 0.647851 0.374423 
1.312625 0.638930 0.367244 
1.332665 0.629968 0.360231 
1.352705 0.620968 0.353380 
1.372745 0.611932 0.346689 
1.392786 0.602864 0.340153 
1.412826 0.593767 0.333770 
1.432866 0.584643 0.327535 
1.452906 0.575495 0.321447 
1.472946 0.566327 0.315500 
1.492986 0.557141 0.309693 
1.513026 0.547940 0.304021 
1.533066 0.538727 0.298481 
1.553106 0.529504 0.293071 
1.573146 0.520276 0.287787 
1.593186 0.511045 0.282626 
1.613226 0.501813 0.277585 
1.633267 0.492584 0.272661 
1.653307 0.483360 0.267851 
1.673347 0.474144 0.263152 
1.693387 0.464940 0.258561 
1.713427 0.455750 0.254076 
1.733467 0.446578 0.249694 
1.753507 0.437425 0.245412 
1.773547 0.428295 0.241227 
1.793587 0.419192 0.237138 
1.813627 0.410117 0.233141 
1.833667 0.401073 0.229235 
1.853707 0.392065 0.225417 
1.873747 0.383094 0.221684 
1.893788 0.374163 0.218034 
1.913828 0.365276 0.214466 
1.933868 0.356435 0.210977 
1.953908 0.347643 0.207566 
1.973948 0.338903 0.204229 
1.993988 0.330218 0.200965 
2.014028 0.321592 0.197773 
2.034068 0.313026 0.194650 
2.054108 0.304523 0.191594 
2.074148 0.296088 0.188605 
2.094188 0.287722 0.185679 
2.114228 0.279429 0.182817 
2.134269 0.271210 0.180015 
2.154309 0.263071 0.177272 
2.174349 0.255012 0.174587 
2.194389 0.247038 0.171959 
2.214429 0.239151 0.169385 
2.234469 0.231353 0.166865 
2.254509 0.223649 0.164398 
2.274549 0.216040 0.161981 
2.294589 0.208530 0.159613 
2.314629 0.201122 0.157294 
2.334669 0.193818 0.155022 
2.354709 0.186622 0.152796 
2.374749 0.179536 0.150615 
2.394790 0.172564 0.148478 
2.414830 0.165707 0.146383 
2.434870 0.158970 0.144329 
2.454910 0.152354 0.142317 
2.474950 0.145864 0.140343 
2.494990 0.139501 0.138409 
2.515030 -nan 0.136512 
2.535070 -nan 0.134651 
2.555110 -nan 0.132827 
2.575150 -nan 0.131038 
2.595190 -nan 0.129282 
2.615230 -nan 0.127560 
2.635271 -nan 0.125871 
2.655311 -nan 0.124213 
2.675351 -nan 0.122587 
2.695391 -nan 0.120990 
2.715431 -nan 0.119423 
2.735471 -nan 0.117886 
2.755511 -nan 0.116376 
2.775551 -nan 0.114894 
2.795591 -nan 0.113439 
2.815631 -nan 0.112010 
2.835671 -nan 0.110607 
2.855711 -nan 0.109229 
2.875752 -nan 0.107875 
2.895792 -nan 0.106546 
2.915832 -nan 0.105240 
2.935872 -nan 0.103957 
2.955912 -nan 0.102697 
2.975952 -nan 0.101458 
2.995992 -nan 0.100241 
3.016032 -nan 0.099045 
3.036072 -nan 0.097869 
3.056112 -nan 0.096713 
3.076152 -nan 0.095578 
3.096192 -nan 0.094461 
3.116232 -nan 0.093363 
3.136273 -nan 0.092283 
3.156313 -nan 0.091222 
3.176353 -nan 0.090178 
3.196393 -nan 0.089151 
3.216433 -nan 0.088141 
3.236473 -nan 0.087148 
3.256513 -nan 0.086171 
3.276553 -nan 0.085209 
3.296593 -nan 0.084264 
3.316633 -nan 0.083333 
3.336673 -nan 0.082417 
3.356713 -nan 0.081516 
3.376754 -nan 0.080629 
3.396794 -nan 0.079756 
3.416834 -nan 0.078897 
3.436874 -nan 0.078051 
3.456914 -nan 0.077219 
3.476954 -nan 0.076399 
3.496994 -nan 0.075592 
3.517034 -nan 0.074797 
3.537074 -nan 0.074014 
3.557114 -nan 0.073244 
3.577154 -nan 0.072485 
3.597194 -nan 0.071737 
3.617234 -nan 0.071001 
3.637275 -nan 0.070275 
3.657315 -nan 0.069561 
3.677355 -nan 0.068857 
3.697395 -nan 0.068163 
3.717435 -nan 0.067479 
3.737475 -nan 0.066806 
3.757515 -nan 0.066142 
3.777555 -nan 0.065488 
3.797595 -nan 0.064844 
3.817635 -nan 0.064208 
3.837675 -nan 0.063582 
3.857715 -nan 0.062964 
3.877756 -nan 0.062356 
3.897796 -nan 0.061756 
3.917836 -nan 0.061164 
3.937876 -nan 0.060581 
3.957916 -nan 0.060006 
3.977956 -nan 0.059438 
3.997996 -nan 0.058879 
4.018036 -nan 0.058327 
4.038076 -nan 0.057783 
4.058116 -nan 0.057247 
4.078156 -nan 0.056717 
4.098196 -nan 0.056195 
4.118236 -nan 0.055680 
4.138277 -nan 0.055171 
4.158317 -nan 0.054670 
4.178357 -nan 0.054175 
4.198397 -nan 0.053687 
4.218437 -nan 0.053205 
4.238477 -nan 0.052730 
4.258517 -nan 0.052260 
4.278557 -nan 0.051797 
4.298597 -nan 0.051340 
4.318637 -nan 0.050889 
4.338677 -nan 0.050444 
4.358717 -nan 0.050004 
4.378758 -nan 0.049570 
4.398798 -nan 0.049141 
4.418838 -nan 0.048718 
4.438878 -nan 0.048301 
4.458918 -nan 0.047888 
4.478958 -nan 0.047481 
4.498998 -nan 0.047079 
4.519038 -nan 0.046682 
4.539078 -nan 0.046289 
4.559118 -nan 0.045902 
4.579158 -nan 0.045519 
4.599198 -nan 0.045141 
4.619238 -nan 0.044768 
4.639279 -nan 0.044399 
4.659319 -nan 0.044035 
4.679359 -nan 0.043675 
4.699399 -nan 0.043319 
4.719439 -nan 0.042968 
4.739479 -nan 0.042621 
4.759519 -nan 0.042278 
4.779559 -nan 0.041939 
4.799599 -nan 0.041604 
4.819639 -nan 0.041273 
4.839679 -nan 0.040946 
4.859719 -nan 0.040623 
4.879760 -nan 0.040303 
4.899800 -nan 0.039987 
4.919840 -nan 0.039675 
4.939880 -nan 0.039366 
4.959920 -nan 0.039061 
4.979960 -nan 0.038760 
5.000000 -nan 0.038462 
